101
3
178 249
178 224
53 224
103
3
179 252
179 222
97 222
105
3
178 254
178 223
140 223
106
3
179 248
179 223
223 223
107
4
178 249
257 249
257 223
294 223
201
3
180 250
180 191
51 191
203
3
181 253
181 190
96 190
206
3
177 251
177 190
136 190
207
3
178 252
178 187
222 187
208
3
380 217
380 192
297 192
211
3
380 215
380 190
335 190
216
4
465 212
506 212
506 188
467 188
217
4
465 213
507 213
507 186
548 186
301
3
178 251
178 153
52 153
303
3
178 252
178 157
93 157
306
3
175 250
175 154
139 154
307
3
178 249
178 155
221 155
308
3
377 217
377 156
297 156
311
3
377 216
377 155
339 155
312
3
377 214
377 150
425 150
314
4
467 213
505 213
505 154
465 154
315
4
464 213
505 213
505 153
548 153
316
4
666 181
699 181
699 151
627 151
318
4
667 180
699 180
699 149
666 149
320
4
783 181
822 181
822 154
780 154
401
3
179 253
179 118
52 118
403
3
179 248
179 120
97 120
406
3
180 252
180 119
142 119
407
3
180 252
180 121
223 121
408
3
376 216
376 122
296 122
411
3
377 213
377 121
339 121
412
3
378 214
378 118
421 118
414
4
464 213
506 213
506 121
465 121
415
4
464 211
504 211
504 117
552 117
416
4
666 182
698 182
698 122
624 122
418
4
668 178
700 178
700 118
664 118
419
4
665 178
700 178
700 116
741 116
421
4
781 179
819 179
819 121
781 121
422
4
786 181
826 181
826 124
868 124
425
4
783 180
823 180
823 121
906 121
426
4
784 181
821 181
821 121
948 121
501
3
178 250
178 84
99 84
502
3
181 249
181 85
220 85
503
3
378 214
378 87
297 87
506
3
378 214
378 86
336 86
507
3
377 213
377 83
420 83
509
4
465 214
507 214
507 81
462 81
510
4
464 211
508 211
508 84
549 84
511
4
667 179
701 179
701 83
621 83
513
4
663 178
699 178
699 85
667 85
514
4
783 181
822 181
822 85
739 85
516
4
783 180
823 180
823 84
780 84
517
4
782 180
823 180
823 86
870 86
520
4
781 179
822 179
822 88
909 88
521
4
785 181
823 181
823 89
945 89
601
4
466 216
502 216
502 50
423 50
602
4
465 216
505 216
505 52
547 52
603
4
668 180
702 180
702 49
622 49
605
4
666 181
701 181
701 48
662 48
606
4
784 182
822 182
822 49
734 49
608
4
783 183
823 183
823 50
779 50
609
4
786 180
823 180
823 50
865 50
612
4
783 182
822 182
822 49
910 49
613
4
786 181
825 181
825 53
945 53
701
4
783 181
821 181
821 20
737 20
703
4
782 182
825 182
825 17
870 17
706
4
782 180
823 180
823 22
904 22
707
4
782 182
820 182
820 23
946 23